3119111113 111 3191113111. 41

Scipio: 1.’ Cornelius Scipio.

Ti. Sempronius (1133111111 (37, 10111 1131111 177 1111 163, 1311
1111111131191311111 in 11111 11111119 1111 1311111111 13111111
1111 3111111111. 111 1331 11131311 mit 1131111113, 111 3111111 113
3111111 &cipio 1111113133, 111 1113111111 1113111 111 3113111111, 11111

. 1311111 3111 mit bem 13191111 &cipio 1111113113.

’113311111311111 3133111111(11,37; 33; 13, 4111 6311 113 noc
11911, 1131311133 133, 1111111111 311 1111111111 133113191111113
11111133, 11111 13 3111 1111111111 1311 11111113113193131111911111,
111119 111113 3139113111 1191131133. 111 1111113111 1311
1111111 11111111 1119111111 1111111391111113 611313 111 91131911
11111131111111111111111111111111..14
1311911111, 1131111 11111 111131. Θ. Ρ. Cornelius Scipio Na·
sica Serapio.

0. Sempronius Gracchus (11, 39; 13, 41): 111 1111 3311111111
9111311111 113 11111911, 1119111 3111 113 im 1313911111 werre
131911111111311113113 11111 111 131111113111111111319 11131113
1113311111 331111131131331131113113313111 111313 11131113
1311111331 11.

(1.3119131111121113 (3, 93 3110111 1111131166, 111119111111131111.

Ρ.3119131111 Rufus (1, 311 3311311131 38, 1. 1131111139 Θ. 11111.

1.. Tarquinius Superbus (6, 38 ; 15, 53111 111 11111 11111111
113119, 111 13111111111311111111119111319 510 1111111111133111.

Ρ. Terentius Afer (34, 89; 35, 9311 1111111111 111131111111111
333 11131391, 331 133 11 11113111 8119111 313 6113111111 {Rom
91113111 1311111. bier 1311111 11 im 111111 11113 1111111113 931 111
11911 331 1311111 1119113111. 13111311 159 im 111111 131 36
11311111. - 6113111131131111113 1311 911111111111131139111111
113 11131113, 13111111 ,1)33111311111131 1111133 311 „Det (5112
1111”Ι 1191. (3111111139 Θ. XV.

Τὴὲἰε (36, 9311 (31111111 1131313113 (1.1.)111 ,1131311131 113

1111.

311111131οοί31 (13, 4311 Θεμιστοκλῆς, 111 3119131111 111 3111»
1111111 61131311 1111611911 131 63131113. 1111 513111 471 1311111
11111 111 31113113111111 1331111 13111 133 6111111911111113
111111 11113111 111 fam 1111111111 311111111131311111131193
1113111113. 1113111133 133113 111 1131111111 1111111111 13
1391111131, 1113111111 111111 133 111111 9133113111, 333 111111 11111
133 1131 1111111111191 9191111111111113111, 1111111111113111319
(1111113113 1111113111111,311 9111339113111111 1111111319.

 

