XIV 1111111111.

11111111111111111111111111 111111111111111111111111111111111

Q. 11111111 (111111, 1111111111 1111111111111111111ζ111111,11111
111111 111 quindecimviri sacris faciundis) 1111 11111 11111 3111111
1111111111111111,111111111111111111111111111111111111. 11111
in 11111111113111111111111111 11111 1111111111 1111 6111111 11111111
111 111111111111111111111111111111111111. 61111111111111111
111111111111111111111141111111111161111, &o 11111 111111 1111
ὓ.·1511111111, 111 11111111111111111111111111111111,11111111111111
11, 1111111 1111111111 111 1111111111 11111111 1111111111. 11111
1111111111 1111111111 11111, 111111 11111111 111111 1111111, 1111111
11111 1111 111 1111111131111. 1111 111111 in 1111111111111111
111, 1111111 11 111 1113111 134 1111 11111111 11111 1111111111
1111111111111111111, 13311111 111 1111111111 111 1111111111. (in
1111111 81111 111111 11111 11111 111 1111111111 111 11611111οηί11
(111111111111111111, 11161111 1111111 1111 11111111111111111
111111, 11111 11 1111111111. (111111 11111 111111111111111
111 1311111111. issi 111 11111111 111 311111 132, 1111111111 11111
111 1111111111, 111 11111111 111 &enati 11111 111 (1111111 111
111111111111111111, 1111131111111111111111111111111. 13111
11111111111Θ1111111111111111,11111111111111111111111111111111
11111111 (1.1111111111111,1111111 111111111111111111111111111111
1111111 1111111111, 1111 (1111111111111 111 1111111111 11111111111111.
31 1111113111111111, 111 &cipio 1111 11111111 1111111111, mie
11111111111111111111111111 111111,111111111111111; 1111111111
1111111111 1111111111, 1116111111111111 1111111 1111111 11 111111
1111111, 11 111 11 mit 111111 1111111 1111111. 11111 111 11111 11111111
11111611111111111 11111 1111111111111111, 1111111111111 1111, 111
1111 1111111 111 81111111, 11 1111 11111111 111 1111111111 111111 111
1111111111, 11111 111111111116111111 1111, 1111111 1111111111
111 11. (51111111 11111111 111 6111111111 1111111111111 (1111111111
1111 1111111111 1111111111111111. Γ11111 111111111111111111 111111
111 6111111111 111111111111111111111 6111111111 11111 1111111111
1111111111 111 1111111111111111111. 1111111111 111111 1111111111
11111111111111111111111111111111111111111111 111 11111111111111.
111111111111111111 111 1,111111111Ι1111111 111111111111111111
11111111 (11111, 111 11111111 111 11111111 1111111111 11 1191111111

1111111,11111111111111111111111191111.11111111111111111111111
111 6111111111 1111111 11111 1111 &enai 111 111111111111111111

1111111 1111 1111111111 1111 111111 11111111 1111 1111111 1111911
1111δ1111 1111 111 111 111 1111111 11111 Db 11 1111111111 11111111
1111111111 1111111111 111 11111111111111111 ,

 

