1111111111 111 1111111111. 37

11111111 ΙΠ. 111 11111111 1111111111 1111111111 11111 11 (11 go
111111 ludite, 111 111 (111 1111111111111111111111111111111.

Brutus: l. D. Iunius Brutus. ·

Q Caecilius Metellus lisoedonious (21, 1111 111 1111111111,
1111111111 1111111111 1111111111 1111111111 111 1111111111
(11 143. illo 11111111 1111111111 111 1111111111 111 11111111 loos 11
1111111111111 111 111111 1111111111 111111111 (1111116111
1111111111.

Carbo: l. (1. Papirius Gerbo.

(lassis, lex (1. (12, 41); (11111 111 1111111111 1111111111
girus 11111111 nont 111111 131, 11111 111 (111 11111111111111 on
&teile 111 111111 11111111 1111111111 1111111111 111 1111111111
1111111111 611111111111111111111111111. 1111111111111-
duellio) 111 1111111111. 1111116111111 111 (1.χ Papirius
Carbo.

Sp. (lessius Vecellinus (8, 283 11, 3611 1111111 1111 111 (11111
111 1111111111 1111111 11 1116111111111111111 1111111111, 111111
11111181111485, nod) lsinsm 1111111 11111111, 111 1111111111
111111111111111111111111, 111111 1111 111 1111111111αῇ
1111111 11111 (1111.

Ceto: (.Ρ111111 Calo.

Coriolanus: 1011111111 Coriolanus.

P. Cornelius Soipio Africanus msior (4, 1411 1111111 105 111
194, 111 1111111111 &puniens 111 11111111· 111 11111111.

Ρ. cornelius Scipio Aemilianus Afriosnus minor: 111 1111111
&cipio 1111111111, l. 1111111111 Q XIII (1. ⁸

Ρ. cornelius Soipio lissios (loroulum (27,1()1); 1111111162
111 155, (111 1501111111 11111111, 11111 1111111111 111 &treuge
1111111111.

Ρ. (lornelius Soipio Nssios Serapio (12, 41): 6111111 rotigen.
1111 Zi. 11111111 (111111111111111 (111 1111111111 1111111111
111111, 1111111 1111111111 11111 1111111 111 &cipio 111111
11111111 1111111, 1111111111 1111 1111111111 111111 (1111111111
(1111111111111,11111111111111111 (111 111 111. 1111 &cipio
111111 111 1111111111 1111111111 3¹1 (11111, (111111 11161111
111 untes 1111 11111111 1111111111111111111111111 111 llos
1111111, 1111111 11 111 11111111 11111111 3111111 11111 11111 111
[1111111111. 11 flori 1111 11111111 1111111111.

1111111111111, 183 11, 391 1111111280,11111111111111111
1111111111111111111111111111111111, 111111111111111111111111
11 11111111.

 

