1111111111 111 (1111111111.

t. Aoilins (2, 611 11111111111111 11111111 111 3111111111111111.

Andria (24, 891 ,111 Aeonum 1111111111, 111 &oio 111 Ze·
1111111 (11,).

Q. Aulius Tubero ( 11, 87 ; 27, 10111 6111111111111 11111111
Θά111111111111,1111111 118. 111 1111 111 (111(111111111111111
1111111, 11111 1111111111111111111111111111311, 11111111 111
1111111111, ’1111 11111111 11111 61111111 1111111111.

A. Aemilius Papus (11, 3911 111111 111 1111111111 11111111
111 1111111111111111111111111, 282 111 27811111111111275.

t. Aemilius Paulus Moundouious (2, 9; 27,101); 111111 111

(111111161111111111111,1111111182111 168. {in (111111 ,

11111111 111111111111111 11 111 151111 111 11111111111111111
11111111 111 1111111 111 1111113111111111111111. 11111111
111 111 11111 11111111 (1111 11111 (11111 &tine 111 11111111 111,
1111 1111 1111 1111111111 111 11111111.

Africanus: 1. 0111111111.

Agrigentinus quidam (7, 2411 (1111111111 111 11111111, 111 450
1. 111, 1111111111 11111 1111111111111111511111111 περὶ φύσεως 11
1111111111, 111111 11111111111111111111111 111 1111111111, 11 111
(111 1111111111111111111111 11111111, 111111 111111 (φιλότης), 111
11111111 1111111111 11( 1111 1111 (νεῖκος) 111111.

Archytas (2118811 Ἀρχύτας, 131111111111111111111 11111 111111
1111111 111 4.ξ1111111111111.111., 111111111111111111, 11111111
11111111 111 1111111111, 1111 111 11111111.

Atticus: 1. Τ. Pomponius Atticus.

Bias (16, 59): Βίας 1111111111 11311111, 11111 111 (1111111111
11111 Aigion, 111 3111111 1111111 11111111 111 111111 111 (11111
(ἕο 111 111.

, 11. 1111111111 (111, 3711 111111 111 ui. 6111111111 (11111111. (it

1111 111 inmo, 1111111111111111111 1111 6111111111, 11111 111

11111111111111111111111 11111 1111111111 1111111111. 1111111111

111 1111111111111 111 (111111111111111 (hospitium) 1111111111, 11

11111111 11 iu 111 nesciero (1111. 11111 1111 1111111 (11111111

111111 11 1111111111 11111111 111 11111111111111111111 132

1111111111111 1111111, 1111111111 1111111111, 111 111 111

 

